{
 "cells": [
  {
   "cell_type": "code",
   "execution_count": 1,
   "id": "d0f3c246",
   "metadata": {},
   "outputs": [],
   "source": [
    "import pandas as pd"
   ]
  },
  {
   "cell_type": "code",
   "execution_count": 2,
   "id": "fc8f061f",
   "metadata": {},
   "outputs": [
    {
     "data": {
      "text/html": [
       "<div>\n",
       "<style scoped>\n",
       "    .dataframe tbody tr th:only-of-type {\n",
       "        vertical-align: middle;\n",
       "    }\n",
       "\n",
       "    .dataframe tbody tr th {\n",
       "        vertical-align: top;\n",
       "    }\n",
       "\n",
       "    .dataframe thead th {\n",
       "        text-align: right;\n",
       "    }\n",
       "</style>\n",
       "<table border=\"1\" class=\"dataframe\">\n",
       "  <thead>\n",
       "    <tr style=\"text-align: right;\">\n",
       "      <th></th>\n",
       "      <th>RowNumber</th>\n",
       "      <th>CustomerId</th>\n",
       "      <th>Surname</th>\n",
       "      <th>CreditScore</th>\n",
       "      <th>Geography</th>\n",
       "      <th>Gender</th>\n",
       "      <th>Age</th>\n",
       "      <th>Tenure</th>\n",
       "      <th>Balance</th>\n",
       "      <th>NumOfProducts</th>\n",
       "      <th>HasCrCard</th>\n",
       "      <th>IsActiveMember</th>\n",
       "      <th>EstimatedSalary</th>\n",
       "      <th>Exited</th>\n",
       "    </tr>\n",
       "  </thead>\n",
       "  <tbody>\n",
       "    <tr>\n",
       "      <th>0</th>\n",
       "      <td>1</td>\n",
       "      <td>15634602</td>\n",
       "      <td>Hargrave</td>\n",
       "      <td>619</td>\n",
       "      <td>France</td>\n",
       "      <td>Female</td>\n",
       "      <td>42</td>\n",
       "      <td>2</td>\n",
       "      <td>0.00</td>\n",
       "      <td>1</td>\n",
       "      <td>1</td>\n",
       "      <td>1</td>\n",
       "      <td>101348.88</td>\n",
       "      <td>1</td>\n",
       "    </tr>\n",
       "    <tr>\n",
       "      <th>1</th>\n",
       "      <td>2</td>\n",
       "      <td>15647311</td>\n",
       "      <td>Hill</td>\n",
       "      <td>608</td>\n",
       "      <td>Spain</td>\n",
       "      <td>Female</td>\n",
       "      <td>41</td>\n",
       "      <td>1</td>\n",
       "      <td>83807.86</td>\n",
       "      <td>1</td>\n",
       "      <td>0</td>\n",
       "      <td>1</td>\n",
       "      <td>112542.58</td>\n",
       "      <td>0</td>\n",
       "    </tr>\n",
       "    <tr>\n",
       "      <th>2</th>\n",
       "      <td>3</td>\n",
       "      <td>15619304</td>\n",
       "      <td>Onio</td>\n",
       "      <td>502</td>\n",
       "      <td>France</td>\n",
       "      <td>Female</td>\n",
       "      <td>42</td>\n",
       "      <td>8</td>\n",
       "      <td>159660.80</td>\n",
       "      <td>3</td>\n",
       "      <td>1</td>\n",
       "      <td>0</td>\n",
       "      <td>113931.57</td>\n",
       "      <td>1</td>\n",
       "    </tr>\n",
       "    <tr>\n",
       "      <th>3</th>\n",
       "      <td>4</td>\n",
       "      <td>15701354</td>\n",
       "      <td>Boni</td>\n",
       "      <td>699</td>\n",
       "      <td>France</td>\n",
       "      <td>Female</td>\n",
       "      <td>39</td>\n",
       "      <td>1</td>\n",
       "      <td>0.00</td>\n",
       "      <td>2</td>\n",
       "      <td>0</td>\n",
       "      <td>0</td>\n",
       "      <td>93826.63</td>\n",
       "      <td>0</td>\n",
       "    </tr>\n",
       "    <tr>\n",
       "      <th>4</th>\n",
       "      <td>5</td>\n",
       "      <td>15737888</td>\n",
       "      <td>Mitchell</td>\n",
       "      <td>850</td>\n",
       "      <td>Spain</td>\n",
       "      <td>Female</td>\n",
       "      <td>43</td>\n",
       "      <td>2</td>\n",
       "      <td>125510.82</td>\n",
       "      <td>1</td>\n",
       "      <td>1</td>\n",
       "      <td>1</td>\n",
       "      <td>79084.10</td>\n",
       "      <td>0</td>\n",
       "    </tr>\n",
       "  </tbody>\n",
       "</table>\n",
       "</div>"
      ],
      "text/plain": [
       "   RowNumber  CustomerId   Surname  CreditScore Geography  Gender  Age  \\\n",
       "0          1    15634602  Hargrave          619    France  Female   42   \n",
       "1          2    15647311      Hill          608     Spain  Female   41   \n",
       "2          3    15619304      Onio          502    France  Female   42   \n",
       "3          4    15701354      Boni          699    France  Female   39   \n",
       "4          5    15737888  Mitchell          850     Spain  Female   43   \n",
       "\n",
       "   Tenure    Balance  NumOfProducts  HasCrCard  IsActiveMember  \\\n",
       "0       2       0.00              1          1               1   \n",
       "1       1   83807.86              1          0               1   \n",
       "2       8  159660.80              3          1               0   \n",
       "3       1       0.00              2          0               0   \n",
       "4       2  125510.82              1          1               1   \n",
       "\n",
       "   EstimatedSalary  Exited  \n",
       "0        101348.88       1  \n",
       "1        112542.58       0  \n",
       "2        113931.57       1  \n",
       "3         93826.63       0  \n",
       "4         79084.10       0  "
      ]
     },
     "execution_count": 2,
     "metadata": {},
     "output_type": "execute_result"
    }
   ],
   "source": [
    "\n",
    "df=pd.read_csv(\"Churn_Modelling.csv\")\n",
    "df.head()"
   ]
  },
  {
   "cell_type": "code",
   "execution_count": 3,
   "id": "38ea0bcd",
   "metadata": {},
   "outputs": [
    {
     "name": "stderr",
     "output_type": "stream",
     "text": [
      "/tmp/ipykernel_5049/1134722465.py:1: FutureWarning: The default value of numeric_only in DataFrame.corr is deprecated. In a future version, it will default to False. Select only valid columns or specify the value of numeric_only to silence this warning.\n",
      "  df.corr()\n"
     ]
    },
    {
     "data": {
      "text/html": [
       "<div>\n",
       "<style scoped>\n",
       "    .dataframe tbody tr th:only-of-type {\n",
       "        vertical-align: middle;\n",
       "    }\n",
       "\n",
       "    .dataframe tbody tr th {\n",
       "        vertical-align: top;\n",
       "    }\n",
       "\n",
       "    .dataframe thead th {\n",
       "        text-align: right;\n",
       "    }\n",
       "</style>\n",
       "<table border=\"1\" class=\"dataframe\">\n",
       "  <thead>\n",
       "    <tr style=\"text-align: right;\">\n",
       "      <th></th>\n",
       "      <th>RowNumber</th>\n",
       "      <th>CustomerId</th>\n",
       "      <th>CreditScore</th>\n",
       "      <th>Age</th>\n",
       "      <th>Tenure</th>\n",
       "      <th>Balance</th>\n",
       "      <th>NumOfProducts</th>\n",
       "      <th>HasCrCard</th>\n",
       "      <th>IsActiveMember</th>\n",
       "      <th>EstimatedSalary</th>\n",
       "      <th>Exited</th>\n",
       "    </tr>\n",
       "  </thead>\n",
       "  <tbody>\n",
       "    <tr>\n",
       "      <th>RowNumber</th>\n",
       "      <td>1.000000</td>\n",
       "      <td>0.004202</td>\n",
       "      <td>0.005840</td>\n",
       "      <td>0.000783</td>\n",
       "      <td>-0.006495</td>\n",
       "      <td>-0.009067</td>\n",
       "      <td>0.007246</td>\n",
       "      <td>0.000599</td>\n",
       "      <td>0.012044</td>\n",
       "      <td>-0.005988</td>\n",
       "      <td>-0.016571</td>\n",
       "    </tr>\n",
       "    <tr>\n",
       "      <th>CustomerId</th>\n",
       "      <td>0.004202</td>\n",
       "      <td>1.000000</td>\n",
       "      <td>0.005308</td>\n",
       "      <td>0.009497</td>\n",
       "      <td>-0.014883</td>\n",
       "      <td>-0.012419</td>\n",
       "      <td>0.016972</td>\n",
       "      <td>-0.014025</td>\n",
       "      <td>0.001665</td>\n",
       "      <td>0.015271</td>\n",
       "      <td>-0.006248</td>\n",
       "    </tr>\n",
       "    <tr>\n",
       "      <th>CreditScore</th>\n",
       "      <td>0.005840</td>\n",
       "      <td>0.005308</td>\n",
       "      <td>1.000000</td>\n",
       "      <td>-0.003965</td>\n",
       "      <td>0.000842</td>\n",
       "      <td>0.006268</td>\n",
       "      <td>0.012238</td>\n",
       "      <td>-0.005458</td>\n",
       "      <td>0.025651</td>\n",
       "      <td>-0.001384</td>\n",
       "      <td>-0.027094</td>\n",
       "    </tr>\n",
       "    <tr>\n",
       "      <th>Age</th>\n",
       "      <td>0.000783</td>\n",
       "      <td>0.009497</td>\n",
       "      <td>-0.003965</td>\n",
       "      <td>1.000000</td>\n",
       "      <td>-0.009997</td>\n",
       "      <td>0.028308</td>\n",
       "      <td>-0.030680</td>\n",
       "      <td>-0.011721</td>\n",
       "      <td>0.085472</td>\n",
       "      <td>-0.007201</td>\n",
       "      <td>0.285323</td>\n",
       "    </tr>\n",
       "    <tr>\n",
       "      <th>Tenure</th>\n",
       "      <td>-0.006495</td>\n",
       "      <td>-0.014883</td>\n",
       "      <td>0.000842</td>\n",
       "      <td>-0.009997</td>\n",
       "      <td>1.000000</td>\n",
       "      <td>-0.012254</td>\n",
       "      <td>0.013444</td>\n",
       "      <td>0.022583</td>\n",
       "      <td>-0.028362</td>\n",
       "      <td>0.007784</td>\n",
       "      <td>-0.014001</td>\n",
       "    </tr>\n",
       "    <tr>\n",
       "      <th>Balance</th>\n",
       "      <td>-0.009067</td>\n",
       "      <td>-0.012419</td>\n",
       "      <td>0.006268</td>\n",
       "      <td>0.028308</td>\n",
       "      <td>-0.012254</td>\n",
       "      <td>1.000000</td>\n",
       "      <td>-0.304180</td>\n",
       "      <td>-0.014858</td>\n",
       "      <td>-0.010084</td>\n",
       "      <td>0.012797</td>\n",
       "      <td>0.118533</td>\n",
       "    </tr>\n",
       "    <tr>\n",
       "      <th>NumOfProducts</th>\n",
       "      <td>0.007246</td>\n",
       "      <td>0.016972</td>\n",
       "      <td>0.012238</td>\n",
       "      <td>-0.030680</td>\n",
       "      <td>0.013444</td>\n",
       "      <td>-0.304180</td>\n",
       "      <td>1.000000</td>\n",
       "      <td>0.003183</td>\n",
       "      <td>0.009612</td>\n",
       "      <td>0.014204</td>\n",
       "      <td>-0.047820</td>\n",
       "    </tr>\n",
       "    <tr>\n",
       "      <th>HasCrCard</th>\n",
       "      <td>0.000599</td>\n",
       "      <td>-0.014025</td>\n",
       "      <td>-0.005458</td>\n",
       "      <td>-0.011721</td>\n",
       "      <td>0.022583</td>\n",
       "      <td>-0.014858</td>\n",
       "      <td>0.003183</td>\n",
       "      <td>1.000000</td>\n",
       "      <td>-0.011866</td>\n",
       "      <td>-0.009933</td>\n",
       "      <td>-0.007138</td>\n",
       "    </tr>\n",
       "    <tr>\n",
       "      <th>IsActiveMember</th>\n",
       "      <td>0.012044</td>\n",
       "      <td>0.001665</td>\n",
       "      <td>0.025651</td>\n",
       "      <td>0.085472</td>\n",
       "      <td>-0.028362</td>\n",
       "      <td>-0.010084</td>\n",
       "      <td>0.009612</td>\n",
       "      <td>-0.011866</td>\n",
       "      <td>1.000000</td>\n",
       "      <td>-0.011421</td>\n",
       "      <td>-0.156128</td>\n",
       "    </tr>\n",
       "    <tr>\n",
       "      <th>EstimatedSalary</th>\n",
       "      <td>-0.005988</td>\n",
       "      <td>0.015271</td>\n",
       "      <td>-0.001384</td>\n",
       "      <td>-0.007201</td>\n",
       "      <td>0.007784</td>\n",
       "      <td>0.012797</td>\n",
       "      <td>0.014204</td>\n",
       "      <td>-0.009933</td>\n",
       "      <td>-0.011421</td>\n",
       "      <td>1.000000</td>\n",
       "      <td>0.012097</td>\n",
       "    </tr>\n",
       "    <tr>\n",
       "      <th>Exited</th>\n",
       "      <td>-0.016571</td>\n",
       "      <td>-0.006248</td>\n",
       "      <td>-0.027094</td>\n",
       "      <td>0.285323</td>\n",
       "      <td>-0.014001</td>\n",
       "      <td>0.118533</td>\n",
       "      <td>-0.047820</td>\n",
       "      <td>-0.007138</td>\n",
       "      <td>-0.156128</td>\n",
       "      <td>0.012097</td>\n",
       "      <td>1.000000</td>\n",
       "    </tr>\n",
       "  </tbody>\n",
       "</table>\n",
       "</div>"
      ],
      "text/plain": [
       "                 RowNumber  CustomerId  CreditScore       Age    Tenure  \\\n",
       "RowNumber         1.000000    0.004202     0.005840  0.000783 -0.006495   \n",
       "CustomerId        0.004202    1.000000     0.005308  0.009497 -0.014883   \n",
       "CreditScore       0.005840    0.005308     1.000000 -0.003965  0.000842   \n",
       "Age               0.000783    0.009497    -0.003965  1.000000 -0.009997   \n",
       "Tenure           -0.006495   -0.014883     0.000842 -0.009997  1.000000   \n",
       "Balance          -0.009067   -0.012419     0.006268  0.028308 -0.012254   \n",
       "NumOfProducts     0.007246    0.016972     0.012238 -0.030680  0.013444   \n",
       "HasCrCard         0.000599   -0.014025    -0.005458 -0.011721  0.022583   \n",
       "IsActiveMember    0.012044    0.001665     0.025651  0.085472 -0.028362   \n",
       "EstimatedSalary  -0.005988    0.015271    -0.001384 -0.007201  0.007784   \n",
       "Exited           -0.016571   -0.006248    -0.027094  0.285323 -0.014001   \n",
       "\n",
       "                  Balance  NumOfProducts  HasCrCard  IsActiveMember  \\\n",
       "RowNumber       -0.009067       0.007246   0.000599        0.012044   \n",
       "CustomerId      -0.012419       0.016972  -0.014025        0.001665   \n",
       "CreditScore      0.006268       0.012238  -0.005458        0.025651   \n",
       "Age              0.028308      -0.030680  -0.011721        0.085472   \n",
       "Tenure          -0.012254       0.013444   0.022583       -0.028362   \n",
       "Balance          1.000000      -0.304180  -0.014858       -0.010084   \n",
       "NumOfProducts   -0.304180       1.000000   0.003183        0.009612   \n",
       "HasCrCard       -0.014858       0.003183   1.000000       -0.011866   \n",
       "IsActiveMember  -0.010084       0.009612  -0.011866        1.000000   \n",
       "EstimatedSalary  0.012797       0.014204  -0.009933       -0.011421   \n",
       "Exited           0.118533      -0.047820  -0.007138       -0.156128   \n",
       "\n",
       "                 EstimatedSalary    Exited  \n",
       "RowNumber              -0.005988 -0.016571  \n",
       "CustomerId              0.015271 -0.006248  \n",
       "CreditScore            -0.001384 -0.027094  \n",
       "Age                    -0.007201  0.285323  \n",
       "Tenure                  0.007784 -0.014001  \n",
       "Balance                 0.012797  0.118533  \n",
       "NumOfProducts           0.014204 -0.047820  \n",
       "HasCrCard              -0.009933 -0.007138  \n",
       "IsActiveMember         -0.011421 -0.156128  \n",
       "EstimatedSalary         1.000000  0.012097  \n",
       "Exited                  0.012097  1.000000  "
      ]
     },
     "execution_count": 3,
     "metadata": {},
     "output_type": "execute_result"
    }
   ],
   "source": [
    "df.corr()"
   ]
  },
  {
   "cell_type": "code",
   "execution_count": 5,
   "id": "99ec7bb6",
   "metadata": {},
   "outputs": [
    {
     "data": {
      "text/html": [
       "<div>\n",
       "<style scoped>\n",
       "    .dataframe tbody tr th:only-of-type {\n",
       "        vertical-align: middle;\n",
       "    }\n",
       "\n",
       "    .dataframe tbody tr th {\n",
       "        vertical-align: top;\n",
       "    }\n",
       "\n",
       "    .dataframe thead th {\n",
       "        text-align: right;\n",
       "    }\n",
       "</style>\n",
       "<table border=\"1\" class=\"dataframe\">\n",
       "  <thead>\n",
       "    <tr style=\"text-align: right;\">\n",
       "      <th></th>\n",
       "      <th>RowNumber</th>\n",
       "      <th>CustomerId</th>\n",
       "      <th>CreditScore</th>\n",
       "      <th>Age</th>\n",
       "      <th>Tenure</th>\n",
       "      <th>Balance</th>\n",
       "      <th>NumOfProducts</th>\n",
       "      <th>HasCrCard</th>\n",
       "      <th>IsActiveMember</th>\n",
       "      <th>EstimatedSalary</th>\n",
       "      <th>Exited</th>\n",
       "    </tr>\n",
       "  </thead>\n",
       "  <tbody>\n",
       "    <tr>\n",
       "      <th>RowNumber</th>\n",
       "      <td>1.000000</td>\n",
       "      <td>0.004202</td>\n",
       "      <td>0.005840</td>\n",
       "      <td>0.000783</td>\n",
       "      <td>-0.006495</td>\n",
       "      <td>-0.009067</td>\n",
       "      <td>0.007246</td>\n",
       "      <td>0.000599</td>\n",
       "      <td>0.012044</td>\n",
       "      <td>-0.005988</td>\n",
       "      <td>-0.016571</td>\n",
       "    </tr>\n",
       "    <tr>\n",
       "      <th>CustomerId</th>\n",
       "      <td>0.004202</td>\n",
       "      <td>1.000000</td>\n",
       "      <td>0.005308</td>\n",
       "      <td>0.009497</td>\n",
       "      <td>-0.014883</td>\n",
       "      <td>-0.012419</td>\n",
       "      <td>0.016972</td>\n",
       "      <td>-0.014025</td>\n",
       "      <td>0.001665</td>\n",
       "      <td>0.015271</td>\n",
       "      <td>-0.006248</td>\n",
       "    </tr>\n",
       "    <tr>\n",
       "      <th>CreditScore</th>\n",
       "      <td>0.005840</td>\n",
       "      <td>0.005308</td>\n",
       "      <td>1.000000</td>\n",
       "      <td>-0.003965</td>\n",
       "      <td>0.000842</td>\n",
       "      <td>0.006268</td>\n",
       "      <td>0.012238</td>\n",
       "      <td>-0.005458</td>\n",
       "      <td>0.025651</td>\n",
       "      <td>-0.001384</td>\n",
       "      <td>-0.027094</td>\n",
       "    </tr>\n",
       "    <tr>\n",
       "      <th>Age</th>\n",
       "      <td>0.000783</td>\n",
       "      <td>0.009497</td>\n",
       "      <td>-0.003965</td>\n",
       "      <td>1.000000</td>\n",
       "      <td>-0.009997</td>\n",
       "      <td>0.028308</td>\n",
       "      <td>-0.030680</td>\n",
       "      <td>-0.011721</td>\n",
       "      <td>0.085472</td>\n",
       "      <td>-0.007201</td>\n",
       "      <td>0.285323</td>\n",
       "    </tr>\n",
       "    <tr>\n",
       "      <th>Tenure</th>\n",
       "      <td>-0.006495</td>\n",
       "      <td>-0.014883</td>\n",
       "      <td>0.000842</td>\n",
       "      <td>-0.009997</td>\n",
       "      <td>1.000000</td>\n",
       "      <td>-0.012254</td>\n",
       "      <td>0.013444</td>\n",
       "      <td>0.022583</td>\n",
       "      <td>-0.028362</td>\n",
       "      <td>0.007784</td>\n",
       "      <td>-0.014001</td>\n",
       "    </tr>\n",
       "    <tr>\n",
       "      <th>Balance</th>\n",
       "      <td>-0.009067</td>\n",
       "      <td>-0.012419</td>\n",
       "      <td>0.006268</td>\n",
       "      <td>0.028308</td>\n",
       "      <td>-0.012254</td>\n",
       "      <td>1.000000</td>\n",
       "      <td>-0.304180</td>\n",
       "      <td>-0.014858</td>\n",
       "      <td>-0.010084</td>\n",
       "      <td>0.012797</td>\n",
       "      <td>0.118533</td>\n",
       "    </tr>\n",
       "    <tr>\n",
       "      <th>NumOfProducts</th>\n",
       "      <td>0.007246</td>\n",
       "      <td>0.016972</td>\n",
       "      <td>0.012238</td>\n",
       "      <td>-0.030680</td>\n",
       "      <td>0.013444</td>\n",
       "      <td>-0.304180</td>\n",
       "      <td>1.000000</td>\n",
       "      <td>0.003183</td>\n",
       "      <td>0.009612</td>\n",
       "      <td>0.014204</td>\n",
       "      <td>-0.047820</td>\n",
       "    </tr>\n",
       "    <tr>\n",
       "      <th>HasCrCard</th>\n",
       "      <td>0.000599</td>\n",
       "      <td>-0.014025</td>\n",
       "      <td>-0.005458</td>\n",
       "      <td>-0.011721</td>\n",
       "      <td>0.022583</td>\n",
       "      <td>-0.014858</td>\n",
       "      <td>0.003183</td>\n",
       "      <td>1.000000</td>\n",
       "      <td>-0.011866</td>\n",
       "      <td>-0.009933</td>\n",
       "      <td>-0.007138</td>\n",
       "    </tr>\n",
       "    <tr>\n",
       "      <th>IsActiveMember</th>\n",
       "      <td>0.012044</td>\n",
       "      <td>0.001665</td>\n",
       "      <td>0.025651</td>\n",
       "      <td>0.085472</td>\n",
       "      <td>-0.028362</td>\n",
       "      <td>-0.010084</td>\n",
       "      <td>0.009612</td>\n",
       "      <td>-0.011866</td>\n",
       "      <td>1.000000</td>\n",
       "      <td>-0.011421</td>\n",
       "      <td>-0.156128</td>\n",
       "    </tr>\n",
       "    <tr>\n",
       "      <th>EstimatedSalary</th>\n",
       "      <td>-0.005988</td>\n",
       "      <td>0.015271</td>\n",
       "      <td>-0.001384</td>\n",
       "      <td>-0.007201</td>\n",
       "      <td>0.007784</td>\n",
       "      <td>0.012797</td>\n",
       "      <td>0.014204</td>\n",
       "      <td>-0.009933</td>\n",
       "      <td>-0.011421</td>\n",
       "      <td>1.000000</td>\n",
       "      <td>0.012097</td>\n",
       "    </tr>\n",
       "    <tr>\n",
       "      <th>Exited</th>\n",
       "      <td>-0.016571</td>\n",
       "      <td>-0.006248</td>\n",
       "      <td>-0.027094</td>\n",
       "      <td>0.285323</td>\n",
       "      <td>-0.014001</td>\n",
       "      <td>0.118533</td>\n",
       "      <td>-0.047820</td>\n",
       "      <td>-0.007138</td>\n",
       "      <td>-0.156128</td>\n",
       "      <td>0.012097</td>\n",
       "      <td>1.000000</td>\n",
       "    </tr>\n",
       "  </tbody>\n",
       "</table>\n",
       "</div>"
      ],
      "text/plain": [
       "                 RowNumber  CustomerId  CreditScore       Age    Tenure  \\\n",
       "RowNumber         1.000000    0.004202     0.005840  0.000783 -0.006495   \n",
       "CustomerId        0.004202    1.000000     0.005308  0.009497 -0.014883   \n",
       "CreditScore       0.005840    0.005308     1.000000 -0.003965  0.000842   \n",
       "Age               0.000783    0.009497    -0.003965  1.000000 -0.009997   \n",
       "Tenure           -0.006495   -0.014883     0.000842 -0.009997  1.000000   \n",
       "Balance          -0.009067   -0.012419     0.006268  0.028308 -0.012254   \n",
       "NumOfProducts     0.007246    0.016972     0.012238 -0.030680  0.013444   \n",
       "HasCrCard         0.000599   -0.014025    -0.005458 -0.011721  0.022583   \n",
       "IsActiveMember    0.012044    0.001665     0.025651  0.085472 -0.028362   \n",
       "EstimatedSalary  -0.005988    0.015271    -0.001384 -0.007201  0.007784   \n",
       "Exited           -0.016571   -0.006248    -0.027094  0.285323 -0.014001   \n",
       "\n",
       "                  Balance  NumOfProducts  HasCrCard  IsActiveMember  \\\n",
       "RowNumber       -0.009067       0.007246   0.000599        0.012044   \n",
       "CustomerId      -0.012419       0.016972  -0.014025        0.001665   \n",
       "CreditScore      0.006268       0.012238  -0.005458        0.025651   \n",
       "Age              0.028308      -0.030680  -0.011721        0.085472   \n",
       "Tenure          -0.012254       0.013444   0.022583       -0.028362   \n",
       "Balance          1.000000      -0.304180  -0.014858       -0.010084   \n",
       "NumOfProducts   -0.304180       1.000000   0.003183        0.009612   \n",
       "HasCrCard       -0.014858       0.003183   1.000000       -0.011866   \n",
       "IsActiveMember  -0.010084       0.009612  -0.011866        1.000000   \n",
       "EstimatedSalary  0.012797       0.014204  -0.009933       -0.011421   \n",
       "Exited           0.118533      -0.047820  -0.007138       -0.156128   \n",
       "\n",
       "                 EstimatedSalary    Exited  \n",
       "RowNumber              -0.005988 -0.016571  \n",
       "CustomerId              0.015271 -0.006248  \n",
       "CreditScore            -0.001384 -0.027094  \n",
       "Age                    -0.007201  0.285323  \n",
       "Tenure                  0.007784 -0.014001  \n",
       "Balance                 0.012797  0.118533  \n",
       "NumOfProducts           0.014204 -0.047820  \n",
       "HasCrCard              -0.009933 -0.007138  \n",
       "IsActiveMember         -0.011421 -0.156128  \n",
       "EstimatedSalary         1.000000  0.012097  \n",
       "Exited                  0.012097  1.000000  "
      ]
     },
     "execution_count": 5,
     "metadata": {},
     "output_type": "execute_result"
    }
   ],
   "source": [
    "df.corr(numeric_only = True)"
   ]
  },
  {
   "cell_type": "markdown",
   "id": "f8eb5fb4",
   "metadata": {},
   "source": [
    "# "
   ]
  },
  {
   "cell_type": "code",
   "execution_count": null,
   "id": "98f6c51b",
   "metadata": {},
   "outputs": [],
   "source": []
  },
  {
   "cell_type": "code",
   "execution_count": null,
   "id": "5f833c34",
   "metadata": {},
   "outputs": [],
   "source": []
  }
 ],
 "metadata": {
  "kernelspec": {
   "display_name": "Python 3 (ipykernel)",
   "language": "python",
   "name": "python3"
  },
  "language_info": {
   "codemirror_mode": {
    "name": "ipython",
    "version": 3
   },
   "file_extension": ".py",
   "mimetype": "text/x-python",
   "name": "python",
   "nbconvert_exporter": "python",
   "pygments_lexer": "ipython3",
   "version": "3.10.9"
  }
 },
 "nbformat": 4,
 "nbformat_minor": 5
}
